0.000113538734273173035614103165702459819
 0.00005523458973165517216404041267452385 
 0.000068064423811840728630907781937509071
 0.000082458947537042360988873701543866446
 0.000098445260107805259222613081249164679
 0.000116068950190736599635196735214037744
 0.000135248483153016703112864194125108952
 0.000155968483382642027429768050161840165
 0.000178155643529953275090021991289290781
 0.000201821969265627101410010002524586525
 0.000226791245218498993888034398480613163
 0.000252911486259129836100256749631398634
 0.000279962554194093096379680751795149263
 0.000307935937143250654246529052215919364
 0.000336384341656877062197439354207517681
 0.000365053153892090154804955792755549737
 0.000393764380603094023714644267286644208
 0.000421962671475817124519536172044809064
 0.000449453667631933943826805233356935787
 0.000475715879135390714606279605192185045
 0.000500356402770411618635693073997572355
 0.000522832192503619366114042676940698584
 0.000542673488164318673990238472981673112
 0.000559329327434486761952414646259512665
 0.000572241709785608135274692642724403413
 0.000580814114668601246677104299465099757
 0.000584487717924256572690766553535013372
 0.000582655723663150952942868521233776846
 0.000574688639465408749977537450348563652
 0.000560044620486117991284280570596365578
 0.00053807386190030429776870457558857197 
 0.0005082134357434900991806747683199319  
 0.00046992549145176767955156549305684166 
 0.000422660047205058975964414580417383149
 0.000365954198445497867839965033809335182
 0.000299335869329561969805209020734082515
 0.000222443384258505370181316362909740292
 0.000134921514874078001802390480712290355
 0.000036522541727391305500707158193662849
-0.000072949342617490187698318926390328443
-0.000193587399621588534832233863269834728
-0.000325432202961925976653079217726372008
-0.000468376657724450264595750237361926338
-0.000622245244910659247097872714959976292
-0.000786758526926491078869185802346919445
-0.000961489229025817133088283039654697859
-0.001145930482503381298703404311822851014
-0.001339421500870280508366239047290946473
-0.00154119322655691705359348731008140021 
-0.001750342932946879689892760723068931838
-0.001965840983157546208864863146459356358
-0.002186543389942810240028636670217565552
-0.002411157619680079963048191515895268822
-0.002638287092125961817712376245026462129
-0.00286640623694068815210944656257652241 
-0.003093881631474555086308564355590533523
-0.003318950350359883665063431834596485714
-0.003539779413810463168377218323712440906
-0.003754405363255172191350172994361855672
-0.003960806256895522958760835763314389624
-0.004156879148757033209937716833337617572
-0.004340454018588652852772558077276698896
-0.004509321184597460743792574078270263271
-0.004661223153316002183743638198620828916
-0.00479389935618745356704639704048531712 
-0.004905070149779387767008387299938476644
-0.004992473273982460726938548134512529941
-0.005053875091392229061681984347842444549
-0.005087083336394236307564931109936878784
-0.005089967530011104378251385327303069062
-0.005060481497870734576838280815991311101
-0.004996677556458615880596862979245997849
-0.004896711783823974248330834768694330705
-0.004758895706639426625983446683676447719
-0.004581670395318773736370587812416488305
-0.00436366365128990248145601782425728743 
-0.004103672716277986624866525033894504304
-0.003800702651158309117174205482569959713
-0.003453968753358894333560513700831506867
-0.003062908948164293210236763798093306832
-0.002627208017236007560335497856840447639
-0.002146790326132685076954142999738905928
-0.001621841360792509534674565863099360286
-0.001052808601143096801922016680919114151
-0.00044041574791395699407098307531782666 
 0.000214348841593246184624929617790201064
 0.000910212246140831653627711883558504269
 0.001645629544483781644612085948153890058
 0.002418784668506759709394327018117110129
 0.003227582949572640677593504676679003751
 0.004069677196895794650532973690815197187
 0.004942451904021615861906102651346373023
 0.005843060539962379243417167629104369553
 0.006768410325627253337765765195399580989
 0.007715196090874208018073332482344994787
 0.008679906333123935807671855968692398164
 0.009658843866500418581799713990676536923
 0.010648145003934645497212230225159146357
 0.011643799307117248115206464831317134667
 0.012641675262750905889275188087594870012
 0.013637533604366126882556642385679879226
 0.014627069319910302597209650343756948132
 0.015605916960517230915317377082374150632
 0.016569693407424479492107138867140747607
 0.017514012435433698455788942283106734976
 0.018434517758843638191024183470290154219
 0.019326912166261714376425118189217755571
 0.020186974791306641630050933144957525656
 0.021010603394986681474732037600006151479
 0.021793822063175035536053414375601278152
 0.022532825119488987530846912932247505523
 0.023223986941594443322856022859923541546
 0.023863899286297934193568082150704867672
 0.024449380983941899903033601049173739739
 0.024977507765007938428380995787847496103
 0.025445629099587266375159799736138666049
 0.025851381584397040841460935212126059923
 0.026192715612072970526869042373618867714
 0.026467893094339053211561108014393539634
 0.026675516869461041169486748003691900522
 0.026814523550283249353487491362102446146
 0.026884205565781367497368847807592828758
 0.026884205565781367497368847807592828758
 0.026814523550283249353487491362102446146
 0.026675516869461041169486748003691900522
 0.026467893094339053211561108014393539634
 0.026192715612072970526869042373618867714
 0.025851381584397040841460935212126059923
 0.025445629099587266375159799736138666049
 0.024977507765007938428380995787847496103
 0.024449380983941899903033601049173739739
 0.023863899286297934193568082150704867672
 0.023223986941594443322856022859923541546
 0.022532825119488987530846912932247505523
 0.021793822063175035536053414375601278152
 0.021010603394986681474732037600006151479
 0.020186974791306641630050933144957525656
 0.019326912166261714376425118189217755571
 0.018434517758843638191024183470290154219
 0.017514012435433698455788942283106734976
 0.016569693407424479492107138867140747607
 0.015605916960517230915317377082374150632
 0.014627069319910302597209650343756948132
 0.013637533604366126882556642385679879226
 0.012641675262750905889275188087594870012
 0.011643799307117248115206464831317134667
 0.010648145003934645497212230225159146357
 0.009658843866500418581799713990676536923
 0.008679906333123935807671855968692398164
 0.007715196090874208018073332482344994787
 0.006768410325627253337765765195399580989
 0.005843060539962379243417167629104369553
 0.004942451904021615861906102651346373023
 0.004069677196895794650532973690815197187
 0.003227582949572640677593504676679003751
 0.002418784668506759709394327018117110129
 0.001645629544483781644612085948153890058
 0.000910212246140831653627711883558504269
 0.000214348841593246184624929617790201064
-0.00044041574791395699407098307531782666 
-0.001052808601143096801922016680919114151
-0.001621841360792509534674565863099360286
-0.002146790326132685076954142999738905928
-0.002627208017236007560335497856840447639
-0.003062908948164293210236763798093306832
-0.003453968753358894333560513700831506867
-0.003800702651158309117174205482569959713
-0.004103672716277986624866525033894504304
-0.00436366365128990248145601782425728743 
-0.004581670395318773736370587812416488305
-0.004758895706639426625983446683676447719
-0.004896711783823974248330834768694330705
-0.004996677556458615880596862979245997849
-0.005060481497870734576838280815991311101
-0.005089967530011104378251385327303069062
-0.005087083336394236307564931109936878784
-0.005053875091392229061681984347842444549
-0.004992473273982460726938548134512529941
-0.004905070149779387767008387299938476644
-0.00479389935618745356704639704048531712 
-0.004661223153316002183743638198620828916
-0.004509321184597460743792574078270263271
-0.004340454018588652852772558077276698896
-0.004156879148757033209937716833337617572
-0.003960806256895522958760835763314389624
-0.003754405363255172191350172994361855672
-0.003539779413810463168377218323712440906
-0.003318950350359883665063431834596485714
-0.003093881631474555086308564355590533523
-0.00286640623694068815210944656257652241 
-0.002638287092125961817712376245026462129
-0.002411157619680079963048191515895268822
-0.002186543389942810240028636670217565552
-0.001965840983157546208864863146459356358
-0.001750342932946879689892760723068931838
-0.00154119322655691705359348731008140021 
-0.001339421500870280508366239047290946473
-0.001145930482503381298703404311822851014
-0.000961489229025817133088283039654697859
-0.000786758526926491078869185802346919445
-0.000622245244910659247097872714959976292
-0.000468376657724450264595750237361926338
-0.000325432202961925976653079217726372008
-0.000193587399621588534832233863269834728
-0.000072949342617490187698318926390328443
 0.000036522541727391305500707158193662849
 0.000134921514874078001802390480712290355
 0.000222443384258505370181316362909740292
 0.000299335869329561969805209020734082515
 0.000365954198445497867839965033809335182
 0.000422660047205058975964414580417383149
 0.00046992549145176767955156549305684166 
 0.0005082134357434900991806747683199319  
 0.00053807386190030429776870457558857197 
 0.000560044620486117991284280570596365578
 0.000574688639465408749977537450348563652
 0.000582655723663150952942868521233776846
 0.000584487717924256572690766553535013372
 0.000580814114668601246677104299465099757
 0.000572241709785608135274692642724403413
 0.000559329327434486761952414646259512665
 0.000542673488164318673990238472981673112
 0.000522832192503619366114042676940698584
 0.000500356402770411618635693073997572355
 0.000475715879135390714606279605192185045
 0.000449453667631933943826805233356935787
 0.000421962671475817124519536172044809064
 0.000393764380603094023714644267286644208
 0.000365053153892090154804955792755549737
 0.000336384341656877062197439354207517681
 0.000307935937143250654246529052215919364
 0.000279962554194093096379680751795149263
 0.000252911486259129836100256749631398634
 0.000226791245218498993888034398480613163
 0.000201821969265627101410010002524586525
 0.000178155643529953275090021991289290781
 0.000155968483382642027429768050161840165
 0.000135248483153016703112864194125108952
 0.000116068950190736599635196735214037744
 0.000098445260107805259222613081249164679
 0.000082458947537042360988873701543866446
 0.000068064423811840728630907781937509071
 0.00005523458973165517216404041267452385 
 0.000113538734273173035614103165702459819
