-0.000016825581787105998125960923395005864
-0.001889389892811251360840718582778663404
-0.00828642836245009790918647496482662973 
-0.020814575722365873805541625074511102866
-0.03569989331430116485943671023051138036 
-0.041568993118374211737098278263147221878
-0.023057686794573532818031225133381667547
 0.029411149048019526869301998317496327218
 0.109394426718371642892613238018384436145
 0.192244473432173601512573668514960445464
 0.245248178140683309456093752487504389137
 0.245248178140683309456093752487504389137
 0.192244473432173601512573668514960445464
 0.109394426718371642892613238018384436145
 0.029411149048019526869301998317496327218
-0.023057686794573532818031225133381667547
-0.041568993118374211737098278263147221878
-0.03569989331430116485943671023051138036 
-0.020814575722365873805541625074511102866
-0.00828642836245009790918647496482662973 
-0.001889389892811251360840718582778663404
-0.000016825581787105998125960923395005864
                     
